{
 "cells": [
  {
   "cell_type": "markdown",
   "metadata": {},
   "source": [
    "## Ensemble Models\n",
    "<ul>\n",
    "<li>Why Ensemble? A combination of non correlated models have been proven to perform better than a single model</li>\n",
    "<li> I used six models, they were imported below with the score on the leaderboard</li>\n",
    "<li> The best scoring model scored 0.0411 and the worst scored 0.0480</li>\n",
    "<li><a href=\"https://mlwave.com/kaggle-ensembling-guide/\"> Ensembling guide</a>\n",
    "<li> I used sklearn voting classifier to try different weights to apply to the model when ensembling</li>\n",
    "<li> The final weights were adjusted based on the score of the ensemble on the leaderboard to give a final score of 0.003852</li>\n",
    "\n",
    "</ul>"
   ]
  },
  {
   "cell_type": "code",
   "execution_count": 79,
   "metadata": {
    "collapsed": true
   },
   "outputs": [],
   "source": [
    "#import the libraries\n",
    "import pandas as pd\n",
    "import numpy as np"
   ]
  },
  {
   "cell_type": "code",
   "execution_count": 80,
   "metadata": {
    "collapsed": true
   },
   "outputs": [],
   "source": [
    "#import the class probabilities csv file we created\n",
    "sub1 = pd.read_csv(\"submissionlgbp.csv\")   #kfold lgb                    0.0411\n",
    "sub2 = pd.read_csv(\"submissionbgdtp.csv\")  #kfold BaggedDecisiontree    0.0416\n",
    "sub3 = pd.read_csv(\"submissiondtp.csv\")  #kfold Decisiontree             0.0480\n",
    "sub4 = pd.read_csv(\"submissionmlpp.csv\")  #kfold mlp                     0.0422\n",
    "sub5 = pd.read_csv(\"submissionadp.csv\")  #kfold Adaboost                 0.0453\n",
    "sub6 = pd.read_csv(\"submissionlogp.csv\")  #logisticregression            0.0467"
   ]
  },
  {
   "cell_type": "code",
   "execution_count": 81,
   "metadata": {},
   "outputs": [
    {
     "name": "stdout",
     "output_type": "stream",
     "text": [
      "3.1.1\n",
      "[[1.         0.42987156 0.45531914 0.61767454 0.61674042 0.66634278]\n",
      " [0.42987156 1.         0.53758621 0.45544407 0.30276694 0.51024654]\n",
      " [0.45531914 0.53758621 1.         0.39674838 0.32861132 0.43103697]\n",
      " [0.61767454 0.45544407 0.39674838 1.         0.56571711 0.85924687]\n",
      " [0.61674042 0.30276694 0.32861132 0.56571711 1.         0.55275234]\n",
      " [0.66634278 0.51024654 0.43103697 0.85924687 0.55275234 1.        ]]\n",
      "3.1.2\n",
      "[[1.         0.45985237 0.26306541 0.7878281  0.66027089 0.81395102]\n",
      " [0.45985237 1.         0.4141922  0.48072043 0.26889306 0.47340047]\n",
      " [0.26306541 0.4141922  1.         0.27910524 0.18651057 0.26616835]\n",
      " [0.7878281  0.48072043 0.27910524 1.         0.66436973 0.94266216]\n",
      " [0.66027089 0.26889306 0.18651057 0.66436973 1.         0.66286834]\n",
      " [0.81395102 0.47340047 0.26616835 0.94266216 0.66286834 1.        ]]\n",
      "3.2.1\n",
      "[[1.         0.57632203 0.52098297 0.62113834 0.68917993 0.76629106]\n",
      " [0.57632203 1.         0.62024152 0.5272412  0.3430593  0.57999482]\n",
      " [0.52098297 0.62024152 1.         0.4472966  0.38573302 0.48409963]\n",
      " [0.62113834 0.5272412  0.4472966  1.         0.50680299 0.83988849]\n",
      " [0.68917993 0.3430593  0.38573302 0.50680299 1.         0.58881908]\n",
      " [0.76629106 0.57999482 0.48409963 0.83988849 0.58881908 1.        ]]\n",
      "3.2.2\n",
      "[[1.         0.49717572 0.34751162 0.61071098 0.45204025 0.66559849]\n",
      " [0.49717572 1.         0.4920197  0.4875615  0.25762585 0.50041761]\n",
      " [0.34751162 0.4920197  1.         0.31234546 0.25587995 0.33421457]\n",
      " [0.61071098 0.4875615  0.31234546 1.         0.30736399 0.91656158]\n",
      " [0.45204025 0.25762585 0.25587995 0.30736399 1.         0.32060631]\n",
      " [0.66559849 0.50041761 0.33421457 0.91656158 0.32060631 1.        ]]\n",
      "3.3.1\n",
      "[[1.         0.5786517  0.59119297 0.69914718 0.68078373 0.71519207]\n",
      " [0.5786517  1.         0.70258592 0.61726567 0.4698558  0.64642211]\n",
      " [0.59119297 0.70258592 1.         0.59319935 0.59291451 0.59921656]\n",
      " [0.69914718 0.61726567 0.59319935 1.         0.58254801 0.88451972]\n",
      " [0.68078373 0.4698558  0.59291451 0.58254801 1.         0.53953281]\n",
      " [0.71519207 0.64642211 0.59921656 0.88451972 0.53953281 1.        ]]\n",
      "3.3.2\n",
      "[[1.         0.43872825 0.34022136 0.42176794 0.21473881 0.58120636]\n",
      " [0.43872825 1.         0.5539729  0.33092207 0.2414176  0.37051915]\n",
      " [0.34022136 0.5539729  1.         0.35608226 0.32864954 0.33809445]\n",
      " [0.42176794 0.33092207 0.35608226 1.         0.46264339 0.88467556]\n",
      " [0.21473881 0.2414176  0.32864954 0.46264339 1.         0.41560841]\n",
      " [0.58120636 0.37051915 0.33809445 0.88467556 0.41560841 1.        ]]\n",
      "3.3.3\n",
      "[[1.         0.44122368 0.38483478 0.47315195 0.05192161 0.56860779]\n",
      " [0.44122368 1.         0.5659227  0.43879034 0.29050591 0.40146139]\n",
      " [0.38483478 0.5659227  1.         0.38669816 0.37309421 0.39272472]\n",
      " [0.47315195 0.43879034 0.38669816 1.         0.28695321 0.80681785]\n",
      " [0.05192161 0.29050591 0.37309421 0.28695321 1.         0.30154178]\n",
      " [0.56860779 0.40146139 0.39272472 0.80681785 0.30154178 1.        ]]\n",
      "3.3.4\n",
      "[[ 1.          0.31149353  0.21859818  0.57378854  0.05246713  0.55610911]\n",
      " [ 0.31149353  1.          0.50944165  0.30890831  0.12590333  0.25265416]\n",
      " [ 0.21859818  0.50944165  1.          0.24975856  0.23356525  0.21117843]\n",
      " [ 0.57378854  0.30890831  0.24975856  1.         -0.06298049  0.85490044]\n",
      " [ 0.05246713  0.12590333  0.23356525 -0.06298049  1.          0.02943333]\n",
      " [ 0.55610911  0.25265416  0.21117843  0.85490044  0.02943333  1.        ]]\n",
      "3.3.5\n",
      "[[1.         0.42020067 0.36144894 0.62214428 0.62299418 0.71387857]\n",
      " [0.42020067 1.         0.45546546 0.50383802 0.27680268 0.48370567]\n",
      " [0.36144894 0.45546546 1.         0.38647213 0.32886143 0.36195434]\n",
      " [0.62214428 0.50383802 0.38647213 1.         0.51836848 0.89517895]\n",
      " [0.62299418 0.27680268 0.32886143 0.51836848 1.         0.61141499]\n",
      " [0.71387857 0.48370567 0.36195434 0.89517895 0.61141499 1.        ]]\n",
      "3.4.1\n",
      "[[1.         0.60036139 0.61518853 0.74965249 0.73815465 0.79733645]\n",
      " [0.60036139 1.         0.67925059 0.58012184 0.48700842 0.63452505]\n",
      " [0.61518853 0.67925059 1.         0.58692818 0.58333178 0.58592478]\n",
      " [0.74965249 0.58012184 0.58692818 1.         0.70155693 0.87105571]\n",
      " [0.73815465 0.48700842 0.58333178 0.70155693 1.         0.64635437]\n",
      " [0.79733645 0.63452505 0.58592478 0.87105571 0.64635437 1.        ]]\n",
      "3.4.2\n",
      "[[1.         0.3471615  0.26993885 0.60173708 0.29105329 0.62886785]\n",
      " [0.3471615  1.         0.42353725 0.40355698 0.1277108  0.37292064]\n",
      " [0.26993885 0.42353725 1.         0.27862339 0.21008256 0.28455144]\n",
      " [0.60173708 0.40355698 0.27862339 1.         0.08479038 0.92536109]\n",
      " [0.29105329 0.1277108  0.21008256 0.08479038 1.         0.15157728]\n",
      " [0.62886785 0.37292064 0.28455144 0.92536109 0.15157728 1.        ]]\n",
      "3.5.1\n",
      "[[1.         0.56245    0.37082237 0.76407104 0.40293629 0.7685554 ]\n",
      " [0.56245    1.         0.49987119 0.57952891 0.24405845 0.54892176]\n",
      " [0.37082237 0.49987119 1.         0.37666604 0.28887553 0.36116363]\n",
      " [0.76407104 0.57952891 0.37666604 1.         0.32808627 0.95749432]\n",
      " [0.40293629 0.24405845 0.28887553 0.32808627 1.         0.40388379]\n",
      " [0.7685554  0.54892176 0.36116363 0.95749432 0.40388379 1.        ]]\n",
      "3.5.2\n",
      "[[1.         0.48814439 0.35592483 0.60595275 0.32632466 0.70483689]\n",
      " [0.48814439 1.         0.52571627 0.50874816 0.23594087 0.54042711]\n",
      " [0.35592483 0.52571627 1.         0.3484976  0.25961103 0.35553041]\n",
      " [0.60595275 0.50874816 0.3484976  1.         0.27451222 0.91440718]\n",
      " [0.32632466 0.23594087 0.25961103 0.27451222 1.         0.31528484]\n",
      " [0.70483689 0.54042711 0.35553041 0.91440718 0.31528484 1.        ]]\n",
      "3.6.1\n",
      "[[1.         0.36626212 0.16122716 0.61601364 0.3180273  0.63879807]\n",
      " [0.36626212 1.         0.26327818 0.35751119 0.16030014 0.28739365]\n",
      " [0.16122716 0.26327818 1.         0.13460689 0.15292894 0.11736014]\n",
      " [0.61601364 0.35751119 0.13460689 1.         0.30162109 0.81877589]\n",
      " [0.3180273  0.16030014 0.15292894 0.30162109 1.         0.47187292]\n",
      " [0.63879807 0.28739365 0.11736014 0.81877589 0.47187292 1.        ]]\n",
      "3.7.1\n",
      "[[1.         0.58457829 0.41948902 0.64619493 0.50255543 0.76147051]\n",
      " [0.58457829 1.         0.51963614 0.52756944 0.34317806 0.55948035]\n",
      " [0.41948902 0.51963614 1.         0.40933964 0.27229899 0.4099917 ]\n",
      " [0.64619493 0.52756944 0.40933964 1.         0.43376357 0.78226079]\n",
      " [0.50255543 0.34317806 0.27229899 0.43376357 1.         0.56483466]\n",
      " [0.76147051 0.55948035 0.4099917  0.78226079 0.56483466 1.        ]]\n",
      "3.7.2\n",
      "[[1.         0.55926817 0.43587834 0.70054525 0.32501116 0.71562936]\n",
      " [0.55926817 1.         0.54402381 0.5408677  0.18215447 0.52177629]\n",
      " [0.43587834 0.54402381 1.         0.38809948 0.3002201  0.39625132]\n",
      " [0.70054525 0.5408677  0.38809948 1.         0.38488295 0.93270288]\n",
      " [0.32501116 0.18215447 0.3002201  0.38488295 1.         0.40213028]\n",
      " [0.71562936 0.52177629 0.39625132 0.93270288 0.40213028 1.        ]]\n",
      "3.8.1\n",
      "[[1.         0.65254427 0.48582654 0.77137324 0.74649612 0.85219266]\n",
      " [0.65254427 1.         0.68289132 0.65192157 0.50164088 0.70644219]\n",
      " [0.48582654 0.68289132 1.         0.49006924 0.36524003 0.50058037]\n",
      " [0.77137324 0.65192157 0.49006924 1.         0.65607403 0.88882705]\n",
      " [0.74649612 0.50164088 0.36524003 0.65607403 1.         0.72455523]\n",
      " [0.85219266 0.70644219 0.50058037 0.88882705 0.72455523 1.        ]]\n",
      "3.8.2\n",
      "[[1.         0.57538392 0.37450021 0.69397917 0.4784448  0.7814581 ]\n",
      " [0.57538392 1.         0.47278822 0.60321244 0.16463005 0.61392807]\n",
      " [0.37450021 0.47278822 1.         0.38259028 0.18843594 0.3906422 ]\n",
      " [0.69397917 0.60321244 0.38259028 1.         0.39399053 0.87961772]\n",
      " [0.4784448  0.16463005 0.18843594 0.39399053 1.         0.40669015]\n",
      " [0.7814581  0.61392807 0.3906422  0.87961772 0.40669015 1.        ]]\n",
      "3.9.1\n",
      "[[1.         0.42416973 0.20666308 0.67859489 0.37550615 0.68686798]\n",
      " [0.42416973 1.         0.35750884 0.4430067  0.26212446 0.42207244]\n",
      " [0.20666308 0.35750884 1.         0.23116195 0.08901267 0.20851355]\n",
      " [0.67859489 0.4430067  0.23116195 1.         0.12433967 0.92770493]\n",
      " [0.37550615 0.26212446 0.08901267 0.12433967 1.         0.27785   ]\n",
      " [0.68686798 0.42207244 0.20851355 0.92770493 0.27785    1.        ]]\n",
      "3.9.2\n",
      "[[1.         0.58054085 0.47710621 0.81211927 0.81187241 0.84831682]\n",
      " [0.58054085 1.         0.56288081 0.55754738 0.48821535 0.57614693]\n",
      " [0.47710621 0.56288081 1.         0.46232769 0.45572765 0.46782948]\n",
      " [0.81211927 0.55754738 0.46232769 1.         0.80624998 0.94783454]\n",
      " [0.81187241 0.48821535 0.45572765 0.80624998 1.         0.79220497]\n",
      " [0.84831682 0.57614693 0.46782948 0.94783454 0.79220497 1.        ]]\n",
      "3.9.3\n",
      "[[ 1.          0.44167039  0.16754537  0.68493892  0.25814751  0.72020421]\n",
      " [ 0.44167039  1.          0.29871893  0.58182532  0.01329303  0.51276864]\n",
      " [ 0.16754537  0.29871893  1.          0.2334982  -0.01259542  0.20017577]\n",
      " [ 0.68493892  0.58182532  0.2334982   1.          0.07754807  0.91633864]\n",
      " [ 0.25814751  0.01329303 -0.01259542  0.07754807  1.          0.21641374]\n",
      " [ 0.72020421  0.51276864  0.20017577  0.91633864  0.21641374  1.        ]]\n",
      "3.a.1\n",
      "[[1.         0.37647213 0.30937227 0.6149037  0.24759563 0.62358957]\n",
      " [0.37647213 1.         0.54209931 0.42522187 0.17610386 0.40679662]\n",
      " [0.30937227 0.54209931 1.         0.31655596 0.24688428 0.31637863]\n",
      " [0.6149037  0.42522187 0.31655596 1.         0.21604841 0.92813025]\n",
      " [0.24759563 0.17610386 0.24688428 0.21604841 1.         0.28522543]\n",
      " [0.62358957 0.40679662 0.31637863 0.92813025 0.28522543 1.        ]]\n",
      "3.b.1\n",
      "[[1.         0.5900381  0.47054394 0.73506256 0.48138112 0.77825237]\n",
      " [0.5900381  1.         0.5661982  0.59860161 0.27047797 0.58800328]\n",
      " [0.47054394 0.5661982  1.         0.42949244 0.30426496 0.43247841]\n",
      " [0.73506256 0.59860161 0.42949244 1.         0.43210398 0.86710617]\n",
      " [0.48138112 0.27047797 0.30426496 0.43210398 1.         0.51867135]\n",
      " [0.77825237 0.58800328 0.43247841 0.86710617 0.51867135 1.        ]]\n",
      "3.b.2\n",
      "[[1.         0.88342712 0.79731875 0.90861227 0.89977144 0.94780427]\n",
      " [0.88342712 1.         0.87530252 0.85483565 0.78817072 0.86841326]\n",
      " [0.79731875 0.87530252 1.         0.76137954 0.7177324  0.77747466]\n",
      " [0.90861227 0.85483565 0.76137954 1.         0.82940614 0.94280731]\n",
      " [0.89977144 0.78817072 0.7177324  0.82940614 1.         0.87396786]\n",
      " [0.94780427 0.86841326 0.77747466 0.94280731 0.87396786 1.        ]]\n",
      "3.b.3\n",
      "[[1.         0.69596349 0.53186079 0.81377853 0.72168852 0.88142062]\n",
      " [0.69596349 1.         0.67444963 0.70155618 0.41751328 0.73647428]\n",
      " [0.53186079 0.67444963 1.         0.53319112 0.33878071 0.53561509]\n",
      " [0.81377853 0.70155618 0.53319112 1.         0.59917514 0.90916052]\n",
      " [0.72168852 0.41751328 0.33878071 0.59917514 1.         0.64809342]\n",
      " [0.88142062 0.73647428 0.53561509 0.90916052 0.64809342 1.        ]]\n",
      "3.c.1\n",
      "[[1.         0.66671979 0.48455504 0.77789073 0.54763275 0.80302247]\n",
      " [0.66671979 1.         0.62029329 0.69122905 0.30192327 0.6676721 ]\n",
      " [0.48455504 0.62029329 1.         0.48618736 0.28583145 0.48099292]\n",
      " [0.77789073 0.69122905 0.48618736 1.         0.46537088 0.92226526]\n",
      " [0.54763275 0.30192327 0.28583145 0.46537088 1.         0.47576554]\n",
      " [0.80302247 0.6676721  0.48099292 0.92226526 0.47576554 1.        ]]\n",
      "3.d.1\n",
      "[[1.         0.58717963 0.48831845 0.67893144 0.69164277 0.80641796]\n",
      " [0.58717963 1.         0.59692679 0.60928117 0.34043572 0.59519588]\n",
      " [0.48831845 0.59692679 1.         0.4527073  0.3487159  0.47997996]\n",
      " [0.67893144 0.60928117 0.4527073  1.         0.51297734 0.87421664]\n",
      " [0.69164277 0.34043572 0.3487159  0.51297734 1.         0.62770595]\n",
      " [0.80641796 0.59519588 0.47997996 0.87421664 0.62770595 1.        ]]\n"
     ]
    }
   ],
   "source": [
    "#check the correlation between the models for each model\n",
    "labels = sub1.columns[1:].tolist()\n",
    "for label in labels:\n",
    "    print(label)\n",
    "    print(np.corrcoef([sub1[label].rank(pct=True), sub2[label].rank(pct=True), sub3[label].rank(pct=True), \n",
    "                       sub4[label].rank(pct=True), sub5[label].rank(pct=True),\n",
    "                      sub6[label].rank(pct=True)]))"
   ]
  },
  {
   "cell_type": "code",
   "execution_count": 82,
   "metadata": {
    "collapsed": true
   },
   "outputs": [],
   "source": [
    "# ensemble the models\n",
    "average = sub1.copy()\n",
    "average.iloc[:,1:] = (sub1.iloc[:,1:] * 0.2 + sub2.iloc[:,1:] * 0.3 + sub3.iloc[:,1:] * 0.19\n",
    "                     +  sub4.iloc[:,1:] * 0.21 + sub5.iloc[:,1:] * 0.1 + sub6.iloc[:,1:] * 0.16)"
   ]
  },
  {
   "cell_type": "code",
   "execution_count": 83,
   "metadata": {
    "collapsed": true
   },
   "outputs": [],
   "source": [
    "ave = np.around(average.iloc[0:]).astype('int')"
   ]
  },
  {
   "cell_type": "code",
   "execution_count": 84,
   "metadata": {
    "collapsed": true
   },
   "outputs": [],
   "source": [
    "ave.to_csv('average.csv', index=False)"
   ]
  }
 ],
 "metadata": {
  "kernelspec": {
   "display_name": "Python [conda env:anaconda3]",
   "language": "python",
   "name": "conda-env-anaconda3-py"
  },
  "language_info": {
   "codemirror_mode": {
    "name": "ipython",
    "version": 3
   },
   "file_extension": ".py",
   "mimetype": "text/x-python",
   "name": "python",
   "nbconvert_exporter": "python",
   "pygments_lexer": "ipython3",
   "version": "3.5.3"
  }
 },
 "nbformat": 4,
 "nbformat_minor": 2
}
